11               
0010 11          
10               
0001 11          
0011 1           
011              
0000 111         
0010 10          
0010 01          
0101             
0000 0111        
0001 10          
0001 01          
0100             
0000 0100        
0000 110         
0000 101         
0011 0           
0000 0011 1      
0000 0110        
0000 0101        
0010 00          
0000 0001 111    
0000 0011 0      
0000 0010 1      
0001 00          
0000 0001 011    
0000 0001 110    
0000 0001 101    
0000 100         
0000 0000 1111   
0000 0001 010    
0000 0001 001    
0000 0010 0      
0000 0000 1011   
0000 0000 1110   
0000 0000 1101   
0000 0001 100    
0000 0000 1000   
0000 0000 1010   
0000 0000 1001   
0000 0001 000    
0000 0000 0111 1 
0000 0000 0111 0 
0000 0000 0110 1 
0000 0000 1100   
0000 0000 0101 1 
0000 0000 0101 0 
0000 0000 0100 1 
0000 0000 0110 0 
0000 0000 0011 1 
0000 0000 0010 11
0000 0000 0011 0 
0000 0000 0100 0 
0000 0000 0010 01
0000 0000 0010 00
0000 0000 0010 10
0000 0000 0000 1 
0000 0000 0001 11
0000 0000 0001 10
0000 0000 0001 01
0000 0000 0001 00