1
000101
01
00000111
000100
001
000000111
00000110
0000101
00011
0000000111
000000110
00000101
000011
00000000111
0000000110
000000101
0000100
0000000001111
00000000110
0000000101
00000100
0000000001011
0000000001110
00000000101
000000100
0000000001000
0000000001010
0000000001101
0000000100
00000000001111
00000000001110
0000000001001
00000000100
00000000001011
00000000001010
00000000001101
0000000001100
000000000001111
000000000001110
00000000001001
00000000001100
000000000001011
000000000001010
000000000001101
00000000001000
0000000000001111
000000000000001
000000000001001
000000000001100
0000000000001011
0000000000001110
0000000000001101
000000000001000
0000000000000111
0000000000001010
0000000000001001
0000000000001100
0000000000000100
0000000000000110
0000000000000101
0000000000001000
