
t0s              TotalCoeff
-------------------------------------------------------------------
  |1            2        3        4       5       6         7
-------------------------------------------------------------------
0  1            111     0101     0001 1   0101    0000 01   0000 01
1  011          110     111      111      0100    0000 1    0000 1 
2  010          101     110      0101     0011    111       101	   
3  0011         100     101      0100     111     110       100	   
4  0010         011     0100     110      110     101       011	   
5  0001 1       0101    0011     101      101     100       11	   
6  0001 0       0100    100      100      100     011       010	   
7  0000 11      0011    011      0011     011     010       0001   
8  0000 10      0010    0010     011      0010    0001      001	   
9  0000 011     0001 1  0001 1   0010     0000 1  001       0000 00
10 0000 010     0001 0  0001 0   0001 0   0001    0000 00 
11 0000 0011    0000 11 0000 01  0000 1   0000 0           
12 0000 0010    0000 10 0000 1   0000 0
13 0000 0001 1  0000 01 0000 00
14 0000 0001 0  0000 00
15 0000 0000 1


t0s              TotalCoeff
----------------------------------------------------------------------
  |8            9        10        11       12       13     14    15
--------------------------------------------------------------------
0 0000 01     0000 01    0000 1    0000     0000     000    00    0
1 0001        0000 00    0000 0    0001     0001     001    01    1
2 0000 1      0001       001       001      01       1      1  
3 011         11         11        010      1        01 
4 11          10         10        1        001  
5 10          001        01        011  
6 010         01         0001    
7 001         0000 1  
8 0000 00
